n = 2
coefficients = [0.038461538461538464, 0.19230769230769232]

n = 4
coefficients = [0.038461538461538464, 0.03978779840848806, 0.06100795755968169, -0.02652519893899204]

n = 8
coefficients = [0.038461538461538464, 0.022342802425789975, 0.01395599678615847, 0.011704267520899233, 0.0006743376149655692, -0.004896464210578027, 0.00243964181720028, -0.0006872230470986704]

n = 16
coefficients = [0.038461538461538464, 0.017902965924688187, 0.007103738401762863, 0.002873519706234561, 0.0012496289580422857, 0.0005743627925703382, 0.00021278234877659174, -0.00012612738057652054, -0.0002916119616369194, 0.00022175989688060828, -4.8463549273842454e-05, -1.5570669707925396e-05, 1.608072127531256e-05, -6.955786353853841e-06, 2.1072404917797573e-06, -5.047282615041335e-07]

n = 32
coefficients = [0.038461538461538464, 0.016219115011837325, 0.005388322921122751, 0.0016707618983696965, 0.0005088467658018965, 0.00015500243922362205, 4.7220364967564984e-05, 1.407028948232333e-05, 3.7969721252828834e-06, 6.444108323274045e-07, -2.6110518888492814e-07, -4.4806099810813707e-07, -3.8987955834682514e-07, -2.1544477579269913e-07, 3.8290046675517466e-08, 2.2898033383272955e-07, 3.3266307643900904e-08, -2.1807925292667278e-07, 1.2309788186932008e-07, 1.3698827445987472e-08, -5.973231879314378e-08, 4.483583394425761e-08, -2.0903166314793894e-08, 6.928642456215811e-09, -1.596530372236909e-09, 1.7428708349449253e-10, 5.21754021701826e-11, -4.031458976546714e-11, 1.5773325262679725e-11, -4.736914872885496e-12, 1.201273246351178e-12, -2.6769320252950996e-13]

n = 64
coefficients = [0.038461538461538464, 0.015477356688582678, 0.004747253268829754, 0.0013136767022833599, 0.0003452067580268458, 8.793259532807296e-05, 2.187997591231051e-05, 5.315491959788139e-06, 1.2492454570497673e-06, 2.773009827618496e-07, 5.4658647592144716e-08, 7.643372017099774e-09, -5.288210304231474e-10, -1.1072528061651034e-09, -6.590712827774685e-10, -3.0997422485149623e-10, -1.295531770691543e-10, -4.889897292971974e-11, -1.5912708660836016e-11, -3.5517575734850325e-12, 4.481564835647292e-13, 1.307173882537596e-12, 1.1156520492628173e-12, 6.732238741967743e-13, 2.6279469434675827e-13, -2.639568329608728e-14, -1.6817553495027556e-13, -1.6324815483907596e-13, -4.4065238245629356e-14, 9.4282722619145e-14, 1.0727117215840043e-13, -4.296047947161104e-14, -1.139795749655246e-13, 5.93198315319644e-14, 7.85073660172194e-14, -9.891888332482619e-14, 2.134671228825739e-14, 4.278570519635867e-14, -5.049992640229478e-14, 2.7224223609206347e-14, -5.1929153702911725e-15, -4.5106185270544795e-15, 5.400064103547977e-15, -3.3404154341970193e-15, 1.462600168597139e-15, -4.629101308565096e-16, 8.475172091450863e-17, 1.214799043276365e-17, -1.9806006817250685e-17, 1.1169374924556218e-17, -4.632523957344753e-18, 1.5909147081647588e-18, -4.702107443817567e-19, 1.2079722979954444e-19, -2.6637392467629393e-20, 4.778781840544818e-21, -5.614464180954992e-22, -2.9535268612524174e-23, 4.5521586926239727e-23, -1.8482983120530794e-23, 5.626267768162682e-24, -1.4687735194657024e-24, 3.4449599682254664e-25, -7.418487145492298e-26]

